##########Negative#####################

{
	'deceptive': 
		{
			'the': 0.7071067811865583, 
			'to': 0.7071067811865476, 
			'and': -0.7071067811865476, 
			'i': 0.7071067811865477, 
			'a': -0.7071067811865467, 
			'was': 0.7071067811865476, 
			'in': 0.7071067811865475, 
			'of': 0.7071067811865475, 
			'we': -0.7071067811865476, 
			'room': 0.707106781186547, 
			'for': -0.7071067811865476, 
			'hotel': 0.7071067811865475, 
			'it': 0.7071067811865465, 
			'that': 0.7071067811865562, 
			'not': 0.7071067811865475, 
			'my': 0.7071067811865476, 
			'at': 0.7071067811865475, 
			'had': 0.7071067811865478, 
			'on': -0.7071067811865476, 
			'they': -0.7071067811865475, 
			'were': 0.7071067811865476, 
			'this': -0.7071067811865471, 
			'with': -0.7071067811865475, 
			'but': 0.7071067811865475, 
			'is': -0.7071067811865474, 
			'our': 0.7071067811865469, 
			'there': 0.7071067811865475, 
			'have': -0.707106781186548, 
			'be': 0.7071067811865479, 
			'when': 0.7071067811865476
		}, 
		
	'truthful': 
		{
			'the': -0.7071067811865368, 
			'to': -0.7071067811865476, 
			'and': 0.7071067811865476, 
			'i': -0.7071067811865472, 
			'a': 0.7071067811865485, 
			'was': -0.7071067811865476, 
			'in': -0.7071067811865475, 
			'of': -0.7071067811865475, 
			'we': 0.7071067811865476, 
			'room': -0.7071067811865479, 
			'for': 0.7071067811865476, 
			'hotel': -0.7071067811865475, 
			'it': -0.7071067811865485, 
			'that': -0.7071067811865388, 
			'not': -0.7071067811865475, 
			'my': -0.7071067811865476, 
			'at': -0.7071067811865475, 
			'had': -0.7071067811865471, 
			'on': 0.7071067811865476, 
			'they': 0.7071067811865475, 
			'were': -0.7071067811865476, 
			'this': 0.7071067811865479, 
			'with': 0.7071067811865475, 
			'but': -0.7071067811865475, 
			'is': 0.7071067811865477, 
			'our': -0.7071067811865481, 
			'there': -0.7071067811865475, 
			'have': 0.707106781186547, 
			'be': -0.7071067811865471, 
			'when': -0.7071067811865476
		}
}


##########Positive#####################
{'deceptive': {'the': -0.7071067811865702, 'and': 0.7071067811865142, 'a': -0.7071067811865471, 'was': 0.7071067811865475, 'to': 0.7071067811865481, 'i': 0.7071067811865476, 'in': 0.7071067811865491, 'hotel': 0.7071067811865478, 'of': 0.7071067811865462, 'we': -0.7071067811865477, 'for': -0.7071067811865476, 'is': -0.7071067811865469, 'at': 0.7071067811865469, 'room': -0.7071067811865467, 'my': 0.7071067811865476, 'it': -0.7071067811865475, 'chicago': 0.7071067811865478, 'with': -0.7071067811865476, 'very': -0.7071067811865475, 'were': -0.7071067811865482, 'this': 0.7071067811865483, 'stay': 0.7071067811865471, 'great': -0.7071067811865472, 'that': 0.7071067811865476, 'on': -0.7071067811865475, 'had': -0.7071067811865476, 'our': -0.7071067811865468, 'you': 0.7071067811865476, 'from': -0.7071067811865478, 'have': 0.7071067811865475}, 

'truthful': {'the': 0.7071067811865249, 'and': -0.707106781186581, 'a': 0.707106781186548, 'was': -0.7071067811865475, 'to': -0.7071067811865469, 'i': -0.7071067811865476, 'in': -0.7071067811865458, 'hotel': -0.7071067811865472, 'of': -0.7071067811865489, 'we': 0.7071067811865472, 'for': 0.7071067811865476, 'is': 0.7071067811865481, 'at': -0.7071067811865482, 'room': 0.7071067811865483, 'my': -0.7071067811865475, 'it': 0.7071067811865475, 'chicago': -0.7071067811865474, 'with': 0.7071067811865476, 'very': 0.7071067811865475, 'were': 0.7071067811865467, 'this': -0.7071067811865467, 'stay': -0.7071067811865478, 'great': 0.7071067811865478, 'that': -0.7071067811865476, 'on': 0.7071067811865478, 'had': 0.7071067811865476, 'our': 0.7071067811865482, 'you': -0.7071067811865476, 'from': 0.7071067811865472, 'have': -0.7071067811865475}}
